"y1"	    "y2"     "y3"   "t1"       "t2"    "t3"    "na"	 "se1"       "se2"        "se3"  "des"
-1.22      -1.53     NA     1          3       NA       2        0.504       0.439        NA     1
-0.7       -2.4      NA     1          2       NA       2        0.282       0.258        NA     2
-0.3       -2.6      -1.2   1          2       4        3        0.505       0.510        0.478  3
-0.24      -0.59     NA     3          4       NA       2        0.265       0.354        NA     4
-0.73      -0.18     NA     3          4       NA       2        0.335       0.442        NA     4
-2.2       -2.5      NA     4          5       NA       2        0.197       0.190        NA     5
-1.8       -2.1      NA     4          5       NA       2        0.200       0.250        NA     5





